((("Am7" .
   [2 0 0])
  ("para" .
   [1 0 0 0])
  ("direta" .
   [1 0 0 0 0 0])
  ("Preparação" .
   [1 0 0 0 0 0 0 0 0 0])
  ("Dm7" .
   [2 0 0])
  ("non_dep" .
   [0 0 0 2 2 0 1])
  ("vector" .
   [1 0 0 0 0 0])
  ("curr" .
   [3 0 0 0])
  ("clear" .
   [1 0 0 0 0])
  ("order" .
   [10 0 0 1 0])
  ("dfs" .
   [2 0 0])
  ("vis" .
   [4 0 0])
  ("graph" .
   [3 0 0 2 0])
  ("isPrime" .
   [2 0 0 0 0 0 0])
  ("cout" .
   [10 0 0 0])
  ("1LL" .
   [2 0 0])
  ("bin" .
   [3 0 0])
  ("cnt" .
   [4 0 0])
  ("Int" .
   [1 0 0])
  ("requires" .
   [0 0 0 0 0 0 2 0])
  ("use" .
   [1 0 0])
  ("digest" .
   [5 0 0 0 0 0])
  ("Bcrypt" .
   [0 0 1 0 0 0])
  ("Digest" .
   [1 0 1 0 0 0])
  ("my" .
   [1 0])
  ("user" .
   [1 0 0 0])
  (":load" .
   [0 0 0 0 1])
  ("dy" .
   [1 0])
  ("empty" .
   [2 0 1 0 0])
  ("fsd" .
   [0 0 1])
  ("ed2" .
   [3 0 0])
  ("ed1" .
   [1 0 0])
  ("d" .
   [4])
  ("doIntersect" .
   [0 1 0 0 0 0 0 0 0 0 0])
  ("fed" .
   [3 0 0])
  ("s" .
   [4])
  ("ed" .
   [10 1])
  ("em" .
   [13 0])
  ("ey" .
   [12 0])
  ("sy" .
   [15 0])
  ("sd" .
   [10 0])
  ("days" .
   [8 0 0 0])
  ("sm" .
   [11 0])
  ("String" .
   [1 0 0 0 0 0])
  ("ans" .
   [10 0 0])
  ("leap" .
   [4 0 0 4])
  ("scanf" .
   [2 0 0 0 0])
  ("getTimeInMillis" .
   [0 0 0 0 0 0 0 0 0 1 0 0 0 0 0])
  ("start" .
   [1 0 0 0 0])
  ("getTime" .
   [0 0 0 0 0 1 0])
  ("end" .
   [5 0 0])
  ("password" .
   [1 0 0 0 0 1 0 0])
  ("username" .
   [1 0 0 0 0 0 0 0])
  ("login" .
   [1 0 0 1 0])
  ("model" .
   [1 0 0 0 0])
  ("package-initialize" .
   [0 0 0 0 0 0 0 0 0 0 1 0 0 0 0 0 0 0])
  ("package" .
   [0 0 0 0 0 0 1])
  ("cin" .
   [3 0 0])
  ("else" .
   [1 0 0 1])
  ("setFriends" .
   [0 0 0 2 0 0 0 0 0 0])
  ("MAXN" .
   [13 0 0 0])
  ("root" .
   [34 0 0 1])
  ("parent" .
   [0 0 0 1 0 0])
  ("id" .
   [6 0])
  ("enemy" .
   [3 0 0 2 9])
  ("join" .
   [4 0 0 2])
  ("ia" .
   [7 0])
  ("b" .
   [3])
  ("ib" .
   [8 0])
  ("rank" .
   [2 0 0 2])
  ("buildUF" .
   [0 0 0 1 0 0 0])
  ("areFriends" .
   [0 0 0 0 3 0 0 0 0 0])
  ("printf" .
   [6 0 0 0 0 1])
  ("setEnemy" .
   [0 0 0 0 0 1 0 0])
  ("return" .
   [1 0 0 0 0 1])
  ("size" .
   [4 0 0 0])
  ("in" .
   [2 0])
  ("push_back" .
   [2 0 0 1 0 1 0 0 0])
  ("areEnemys" .
   [0 0 0 0 0 0 1 0 0])
  ("a" .
   [2])
  ("inv" .
   [9 0 0])
  ("friend" .
   [0 0 0 0 1 1])
  ("friends" .
   [1 0 0 0 0 0 0])
  ("namespace" .
   [0 0 0 0 1 0 0 0 0])
  ("randValue" .
   [5 0 0 0 1 1 1 0 1])
  ("output" .
   [4 0 0 0 0 0])
  ("tests" .
   [1 0 0 1 1])
  ("rand" .
   [1 0 0 0])
  ("net" .
   [3 0 0])
  ("state" .
   [2 0 0 0 0])
  ("net_now" .
   [3 0 0 0 0 0 0])
  ("then" .
   [2 0 0 0])
  ("content" .
   [0 0 0 0 0 1 0])
  ("ssid" .
   [8 0 0 0])
  ("function" .
   [0 0 0 0 0 1 0 0])
  ("get_ssid" .
   [0 0 0 0 0 0 1 0])
  ("iface" .
   [1 0 0 0 0])
  ("ssid_string" .
   [1 0 1 0 0 0 0 0 0 0 0])
  ("files" .
   [0 0 0 0 1])
  ("file" .
   [2 0 0 0])
  ("close" .
   [1 0 0 0 0])
  ("sent" .
   [1 0 0 0])
  ("netssid" .
   [2 0 0 0 0 0 0])
  ("auto" .
   [2 0 0 0])
  ("none" .
   [3 0 0 0])
  ("black" .
   [1 0 0 0 0])
  ("block" .
   [2 0 0 0 0])
  ("left" .
   [0 0 1 0])
  ("relative" .
   [1 0 0 0 0 0 0 1])
  ("absolute" .
   [0 0 1 1 0 0 0 0])
  ("position" .
   [0 0 0 0 1 0 0 0])))
